0,1733613218.094552167
1,1733613218.294527530
2,1733613218.496221907
3,1733613218.695301760
4,1733613218.895437552
5,1733613219.094355546
6,1733613219.294521458
7,1733613219.495860455
8,1733613219.700219065
9,1733613219.895451371
10,1733613220.095492711
11,1733613220.295501374
12,1733613220.495420663
13,1733613220.695914649
14,1733613220.896090075
15,1733613221.097077978
16,1733613221.297577518
17,1733613221.498143175
18,1733613221.699408884
19,1733613221.900454674
20,1733613222.099672906
21,1733613222.299601924
22,1733613222.502047213
23,1733613222.507276482
24,1733613222.700112869
25,1733613222.900773241
26,1733613223.095966901
27,1733613223.101314945
28,1733613223.301342692
29,1733613223.501248480
30,1733613223.702629032
31,1733613224.101861097
32,1733613224.301931619
33,1733613224.501938730
34,1733613224.726229605
35,1733613224.902136370
36,1733613225.101173166
37,1733613225.102745418
38,1733613225.301222517
39,1733613225.501172787
40,1733613225.701153001
41,1733613225.901146517
42,1733613226.100864375
43,1733613226.301593372
44,1733613226.702161088
45,1733613226.903357752
46,1733613227.303701190
47,1733613227.704641240
48,1733613227.907250659
49,1733613228.506561478
50,1733613228.707136941
51,1733613229.108422121
52,1733613229.308392955
53,1733613230.916852228
54,1733613232.526386224
55,1733613232.927529362
56,1733613233.124344366
57,1733613233.343346410
58,1733613233.346280786
59,1733613233.536575177
60,1733613233.731138533
61,1733613233.923423422
62,1733613233.924601666
63,1733613234.132259641
64,1733613234.328353190
65,1733613234.528198826
66,1733613234.726186871
67,1733613234.932533368
68,1733613235.334763118
69,1733613235.528327783
70,1733613235.729383368
71,1733613236.331976203
72,1733613236.532906955
73,1733613236.933530672
74,1733613237.133558979
75,1733613237.334193665
76,1733613237.534288402
77,1733613237.734218286
78,1733613237.934425542
79,1733613238.133213737
80,1733613238.334753814
81,1733613238.534362506
82,1733613238.734379633
83,1733613238.934372971
84,1733613239.133361369
85,1733613239.541457836
86,1733613239.756082889
87,1733613239.935187917
88,1733613240.134155168
89,1733613240.337282980
90,1733613240.338720029
91,1733613240.539573727
92,1733613240.736414945
93,1733613240.937666156
94,1733613241.137729588
95,1733613241.337935854
96,1733613241.539203164
97,1733613241.739475483
98,1733613241.938502392
99,1733613243.142280687
100,1733613243.345926629
101,1733613243.567455710
102,1733613243.772763884
103,1733613243.947587275
104,1733613244.154081662
105,1733613244.348447727
106,1733613244.547201764
107,1733613244.746282510
108,1733613246.351337763
109,1733613246.551342935
110,1733613246.751327238
111,1733613246.951340919
112,1733613247.150759225
113,1733613247.350786058
114,1733613247.554677582
115,1733613247.751865177
116,1733613247.952070415
117,1733613248.152814768
118,1733613248.353059714
119,1733613248.553227554
120,1733613248.753504786
121,1733613248.953508098
122,1733613249.153473401
123,1733613249.353834214
124,1733613249.556991082
125,1733613249.754983290
126,1733613249.955907933
127,1733613250.157042093
128,1733613250.365311667
129,1733613250.581457274
130,1733613250.766949622
131,1733613250.962639938
132,1733613251.372329590
133,1733613251.569795154
134,1733613251.762776142
135,1733613251.968643510
136,1733613252.170920139
137,1733613252.405989410
138,1733613252.576336646
139,1733613252.777310887
140,1733613252.970972187
141,1733613253.172224767
142,1733613253.368269488
143,1733613253.569280656
144,1733613253.769478224
145,1733613254.170602034
146,1733613254.370545988
147,1733613254.570668679
148,1733613254.772984427
149,1733613254.970998239
150,1733613255.170200464
151,1733613255.171745839
152,1733613255.384840385
153,1733613255.571212139
154,1733613255.772077663
155,1733613255.972708842
156,1733613256.175234485
157,1733613256.373284812
158,1733613256.580081878
159,1733613256.974949872
160,1733613257.222757540
161,1733613257.378459978
162,1733613257.594929097
163,1733613258.586081507
164,1733613258.788125616
165,1733613258.980178769
166,1733613259.189144193
167,1733613259.390282106
168,1733613259.590977121
169,1733613259.789635507
170,1733613259.988904803
171,1733613260.390575136
172,1733613260.391631555
173,1733613260.589143548
174,1733613260.787361941
175,1733613260.987565259
176,1733613261.190899563
177,1733613261.388267293
178,1733613261.588412321
179,1733613261.790082791
180,1733613261.990105517
181,1733613262.190107698
182,1733613262.595122324
183,1733613262.791509875
184,1733613262.978780198
185,1733613262.992347073
186,1733613263.192729143
187,1733613263.393085978
188,1733613263.593080030
189,1733613265.402976722
190,1733613265.604220107
191,1733613266.207631830
192,1733613266.403158616
193,1733613266.603513935
194,1733613266.801054685
195,1733613267.005522842
196,1733613267.205729091
197,1733613267.409384164
198,1733613267.603924910
199,1733613267.812309797
200,1733613268.010003194
201,1733613268.209080964
202,1733613268.406927109
203,1733613268.607707958
204,1733613268.814767744
205,1733613269.009113461
206,1733613269.209580169
207,1733613269.410047617
208,1733613269.610486271
209,1733613269.810481002
210,1733613270.010426450
211,1733613270.210799942
212,1733613270.411910896
213,1733613270.612223848
214,1733613270.813576180
215,1733613271.015973238
216,1733613271.213937713
217,1733613271.416573954
218,1733613271.616699091
219,1733613271.875074756
220,1733613272.016352595
221,1733613272.216352096
222,1733613272.418261093
223,1733613272.617272231
224,1733613272.819609249
225,1733613273.627816702
226,1733613274.024627561
227,1733613274.227221463
228,1733613274.430899578
229,1733613274.622825944
230,1733613274.623158231
231,1733613274.828841591
232,1733613275.037701247
233,1733613275.230360048
234,1733613275.433534119
235,1733613275.631332546
236,1733613275.846986100
237,1733613276.049491609
238,1733613276.230822410
239,1733613276.231111513
240,1733613276.429818271
241,1733613276.630943095
242,1733613276.831749086
243,1733613277.047250106
244,1733613277.234275706
245,1733613277.435137413
246,1733613277.634177254
247,1733613277.636248843
248,1733613278.034971791
249,1733613278.235251133
250,1733613278.637502164
251,1733613278.836934137
252,1733613279.036843004
253,1733613279.239668684
254,1733613279.439322531
255,1733613279.639642279
256,1733613279.838617317
257,1733613280.242721371
258,1733613280.448918511
259,1733613280.641256417
260,1733613280.841237890
261,1733613281.041165440
262,1733613282.044729502
263,1733613282.260557409
264,1733613282.449230248
265,1733613282.654511788
266,1733613282.846532653
267,1733613283.052121790
268,1733613283.251400092
269,1733613283.455382433
270,1733613283.663899880
271,1733613283.921121435
272,1733613284.059304356
273,1733613284.253149281
274,1733613284.451143225
275,1733613284.656831760
276,1733613285.255168193
277,1733613285.456623000
278,1733613285.654878460
279,1733613285.858194339
280,1733613286.056624089
281,1733613286.255571393
282,1733613286.456628489
283,1733613286.657330067
284,1733613286.857675844
285,1733613287.059901216
286,1733613287.259107915
287,1733613287.459560716
288,1733613288.060355498
289,1733613289.674291821
290,1733613290.683880653
291,1733613291.078010718
292,1733613291.276787023
293,1733613291.480970412
294,1733613291.673993869
295,1733613291.898259970
296,1733613292.080932523
297,1733613292.291486489
298,1733613292.477405434
299,1733613292.677254435
300,1733613292.878503686
301,1733613293.079369475
302,1733613293.079603354
303,1733613293.280910412
304,1733613293.684127177
305,1733613294.082647949
306,1733613294.283701759
307,1733613294.485387869
308,1733613294.486642609
309,1733613294.885120297
310,1733613295.085179725
311,1733613295.291178425
312,1733613295.498412587
313,1733613295.528505489
314,1733613295.536439518
315,1733613295.699463723
316,1733613295.888796291
317,1733613296.490550808
318,1733613296.692132333
319,1733613296.891191136
320,1733613297.092430912
321,1733613297.290827547
322,1733613297.497636515
323,1733613297.501490633
324,1733613297.717128727
325,1733613297.902401971
326,1733613298.093371456
327,1733613298.298343424
328,1733613298.498236356
329,1733613298.717282419
330,1733613298.896260329
331,1733613299.102754095
332,1733613299.305303443
333,1733613299.521506506
334,1733613299.699458115
335,1733613299.904275719
336,1733613300.308066975
337,1733613300.502610279
338,1733613300.903842108
339,1733613302.508249201
340,1733613304.714412536
341,1733613305.114686126
342,1733613305.328577905
343,1733613305.752657962
344,1733613306.130926817
345,1733613306.332828648
346,1733613306.723623467
347,1733613306.925889721
348,1733613307.146200384
349,1733613307.326849315
350,1733613307.525525061
351,1733613307.728897964
352,1733613308.127379655
353,1733613308.328086932
354,1733613308.328603427
355,1733613308.541338677
356,1733613309.333560152
357,1733613310.940115466
358,1733613312.744760589
359,1733613312.946816635
360,1733613313.146476731
361,1733613313.547448453
362,1733613313.950684041
363,1733613314.149353784
364,1733613314.550871635
365,1733613315.166144269
366,1733613315.565930864
367,1733613315.768332145
368,1733613316.359714770
369,1733613316.565729827
370,1733613317.762508472
371,1733613317.965509647
372,1733613318.417393053
373,1733613319.169083310
374,1733613320.773864580
375,1733613322.579611526
376,1733613322.780271657
377,1733613322.980293551
378,1733613323.381732081
379,1733613323.614528974
380,1733613323.623083792
381,1733613323.783483015
382,1733613323.989247379
383,1733613324.196141416
384,1733613324.994877163
385,1733613325.196166730
386,1733613325.388968926
387,1733613325.592238918
388,1733613325.791507722
389,1733613325.994791874
390,1733613326.993985506
391,1733613328.599575817
392,1733613331.209892119
393,1733613331.606388208
394,1733613331.831323411
395,1733613332.018186801
396,1733613332.208881955
397,1733613332.610322350
398,1733613332.810977563
399,1733613333.215073305
400,1733613333.412792770
401,1733613333.614340118
402,1733613333.815742435
403,1733613334.019268465
404,1733613334.217894937
405,1733613334.419425411
406,1733613334.618822726
407,1733613334.822154759
408,1733613335.020089151
409,1733613335.419010673
410,1733613335.621175438
411,1733613335.823082302
412,1733613336.023892878
413,1733613336.626100329
414,1733613337.432338987
415,1733613339.033435474
416,1733613341.442282053
417,1733613341.444930196
418,1733613341.640258937
419,1733613341.841454164
420,1733613342.042067501
421,1733613342.243008297
422,1733613342.646497492
423,1733613342.848093463
424,1733613343.046615461
425,1733613343.246358268
426,1733613343.652389034
427,1733613343.849297228
428,1733613344.055140997
429,1733613344.285160532
430,1733613344.460855367
431,1733613344.652891644
432,1733613345.058920420
433,1733613345.255951134
434,1733613345.458063202
435,1733613345.865095574
436,1733613346.259555925
437,1733613346.889542312
438,1733613347.670380057
439,1733613352.085867497
440,1733613352.280869669
441,1733613352.480891041
442,1733613352.682285795
443,1733613353.082052588
444,1733613353.282096714
445,1733613353.482076560
446,1733613353.682036487
447,1733613353.882902282
448,1733613354.083614384
449,1733613354.304169504
450,1733613354.688385765
451,1733613354.887243346
452,1733613355.296410482
453,1733613355.494699967
454,1733613355.690029768
455,1733613356.094716260
456,1733613356.494057945
457,1733613356.699315581
458,1733613356.902418469
459,1733613357.101268271
460,1733613357.299127598
461,1733613358.097433087
462,1733613358.905699623
463,1733613360.505847347
464,1733613362.111950121
465,1733613362.312787165
466,1733613362.915997102
467,1733613363.720660174
468,1733613363.919047814
469,1733613364.121079490
470,1733613364.923857461
471,1733613365.124822833
472,1733613365.525142869
473,1733613365.925651998
474,1733613366.127043444
475,1733613366.930346426
476,1733613368.546659109
477,1733613370.141621438
478,1733613371.145170128
479,1733613371.555128691
480,1733613371.754838513
481,1733613372.178701134
482,1733613372.351955676
483,1733613372.551658780
484,1733613372.756935397
485,1733613373.162099779
486,1733613373.360845743
487,1733613373.556408090
488,1733613373.752416298
489,1733613373.961530832
490,1733613374.170403778
491,1733613374.359306915
492,1733613374.558183726
493,1733613374.756311967
494,1733613374.956898439
495,1733613375.158791244
496,1733613375.357831595
497,1733613375.557827684
498,1733613375.757806988
499,1733613375.958754152
500,1733613376.159412253
501,1733613376.359451316
502,1733613376.763406072
503,1733613376.961366438
504,1733613377.165351493
505,1733613377.361772394
506,1733613377.562872613
507,1733613377.966458373
508,1733613378.164518143
509,1733613378.370897692
510,1733613378.567107688
511,1733613378.967564681
512,1733613378.967756533
513,1733613378.970108239
514,1733613379.770106965
515,1733613382.387546980
516,1733613382.585251666
517,1733613382.783736899
518,1733613382.991023030
519,1733613383.191865341
520,1733613383.386732644
521,1733613383.584365857
522,1733613383.791340719
523,1733613383.989210570
524,1733613384.208886401
525,1733613384.389362908
526,1733613384.588154510
527,1733613384.791709208
528,1733613384.990456903
529,1733613385.192302498
530,1733613385.388410703
531,1733613385.588993069
532,1733613385.789362078
533,1733613385.989386237
534,1733613386.191087567
535,1733613386.390121396
536,1733613386.602871163
537,1733613386.790904708
538,1733613386.990976603
539,1733613387.192712382
540,1733613387.390771633
541,1733613387.392411940
542,1733613387.591916309
543,1733613387.791970051
544,1733613387.991962810
545,1733613388.192578201
546,1733613388.393427971
547,1733613388.592700955
548,1733613388.994897753
549,1733613389.197076036
550,1733613389.396323151
551,1733613392.616293696
552,1733613394.416867028
553,1733613394.617542402
554,1733613394.816556892
555,1733613395.018328916
556,1733613395.216545455
557,1733613395.421975368
558,1733613395.641166300
559,1733613395.821743880
560,1733613396.019413213
561,1733613396.222795563
562,1733613396.426187884
563,1733613396.636124606
564,1733613396.823217149
565,1733613397.021084410
566,1733613397.221978092
567,1733613397.422449440
568,1733613397.622636210
569,1733613397.822500590
570,1733613398.221870878
571,1733613398.421877038
572,1733613398.625064398
573,1733613398.823148433
574,1733613399.022101759
575,1733613399.222107625
576,1733613400.023904424
577,1733613400.224961752
578,1733613400.424969953
579,1733613401.228230027
580,1733613402.030891436
581,1733613404.250693563
582,1733613405.044905354
583,1733613405.244954224
584,1733613405.459272731
585,1733613405.645278450
586,1733613405.845365226
587,1733613406.045300641
588,1733613406.446175817
589,1733613406.646234691
590,1733613406.849386721
591,1733613407.251022401
592,1733613407.449073221
593,1733613407.672551954
594,1733613407.673234822
595,1733613407.856583935
596,1733613408.050840536
597,1733613408.250635445
598,1733613408.450637600
599,1733613408.651612325
600,1733613408.851878158
601,1733613409.052753541
602,1733613409.053343640
603,1733613409.252837488
604,1733613409.666349820
605,1733613409.667073046
606,1733613409.859085131
607,1733613410.066548784
608,1733613410.257463861
609,1733613410.468514001
610,1733613410.873580600
611,1733613411.062275291
612,1733613411.276979919
613,1733613411.466887569
614,1733613411.865076274
615,1733613413.469622608
616,1733613414.273703917
617,1733613415.073246156
618,1733613416.879643944
619,1733613417.082016814
620,1733613417.481043207
621,1733613417.681831220
622,1733613417.882857020
623,1733613418.082893327
624,1733613418.282897090
625,1733613418.482881028
626,1733613418.682947518
627,1733613418.883711367
628,1733613419.083844850
629,1733613419.301411447
630,1733613419.492199082
631,1733613419.691977577
632,1733613419.888438988
633,1733613420.100901648
634,1733613420.300601291
635,1733613420.493845769
636,1733613420.690573939
637,1733613420.895327727
638,1733613421.095751551
639,1733613421.295854804
640,1733613421.510525249
641,1733613421.894920564
642,1733613422.106791407
643,1733613422.295065618
644,1733613424.701569996
645,1733613425.504920998
646,1733613427.108936200
647,1733613427.308935545
648,1733613427.309629567
649,1733613427.508944867
650,1733613427.509539575
651,1733613427.708940355
652,1733613427.909176084
653,1733613428.108892346
654,1733613428.312396500
655,1733613428.930918240
656,1733613429.126205859
657,1733613429.353689879
658,1733613429.512734739
659,1733613429.728497642
660,1733613429.735865166
661,1733613430.117443122
662,1733613430.317744262
663,1733613430.721283707
664,1733613430.923584912
665,1733613431.120412758
666,1733613431.320719317
667,1733613431.525593844
668,1733613431.723666072
669,1733613431.925933606
670,1733613432.532846519
671,1733613433.329932222
672,1733613434.162285252
673,1733613436.555986822
674,1733613437.347668444
675,1733613437.965114900
676,1733613438.167890430
677,1733613438.362260622
678,1733613438.550955259
679,1733613438.753814781
680,1733613438.961060340
681,1733613439.164984850
682,1733613439.356717403
683,1733613439.780256026
684,1733613439.966059176
685,1733613440.155399397
686,1733613440.360591851
687,1733613440.562950522
688,1733613440.761336938
689,1733613441.367462073
690,1733613441.563818572
691,1733613441.762463845
692,1733613441.976256413
693,1733613442.369636121
694,1733613442.567000723
695,1733613442.763073669
696,1733613445.170883999
697,1733613445.972953645
698,1733613447.595600897
699,1733613447.784104740
700,1733613448.192240981
701,1733613448.785778866
702,1733613449.017650387
703,1733613449.188378694
704,1733613449.393565090
705,1733613449.587252530
706,1733613449.789952242
707,1733613449.994893790
708,1733613450.205969318
709,1733613450.390683890
710,1733613450.793917397
711,1733613450.997080813
712,1733613451.206988068
713,1733613451.398659705
714,1733613451.995375758
715,1733613456.418342013
716,1733613456.618999324
717,1733613456.824276611
718,1733613457.013166448
719,1733613457.224153242
720,1733613457.422520648
721,1733613457.621098744
722,1733613457.816761159
723,1733613458.021233439
724,1733613458.625596123
725,1733613458.821469210
726,1733613459.022177196
727,1733613459.238450757
728,1733613459.420281414
729,1733613459.626686315
730,1733613459.836564758
731,1733613460.222929541
732,1733613460.428264447
733,1733613460.625754216
734,1733613461.025753255
735,1733613461.424094752
736,1733613466.439907261
737,1733613467.056100770
738,1733613467.648946585
739,1733613467.849292593
740,1733613468.655413056
741,1733613468.851462058
742,1733613469.051554040
743,1733613469.261951444
744,1733613469.462550034
745,1733613469.864714638
746,1733613470.075780766
747,1733613470.262498059
748,1733613471.862357431
749,1733613474.270087397
750,1733613475.078315586
751,1733613475.676536662
752,1733613476.080363838
753,1733613476.288735732
754,1733613476.479931341
755,1733613476.684259163
756,1733613476.884305349
757,1733613476.887127246
758,1733613477.086946122
759,1733613477.280931932
760,1733613477.488149625
761,1733613477.686837448
762,1733613477.903445302
763,1733613478.085151305
764,1733613478.304880889
765,1733613478.703036009
766,1733613478.889797557
767,1733613479.096805705
768,1733613479.298606330
769,1733613479.492954440
770,1733613479.693023962
771,1733613479.892957557
772,1733613480.092921087
773,1733613480.492936441
774,1733613480.693852872
775,1733613480.894186934
776,1733613481.094227842
777,1733613481.296522832
778,1733613481.700557133
779,1733613481.896883638
780,1733613482.097693430
781,1733613482.298732460
782,1733613482.500765776
783,1733613482.699822199
784,1733613483.503013592
785,1733613486.124707859
786,1733613486.376175477
787,1733613486.515250416
788,1733613486.726106650
789,1733613486.932244181
790,1733613487.127393839
791,1733613487.726501821
792,1733613488.121931192
793,1733613488.337652577
794,1733613488.529659951
795,1733613488.746162141
796,1733613488.935084225
797,1733613489.532992509
798,1733613490.532002945
799,1733613491.332472776
800,1733613492.940172151
801,1733613494.747357337
802,1733613495.347884611
803,1733613496.560486172
804,1733613496.751794811
805,1733613497.152628963
806,1733613497.572423948
807,1733613497.771179631
808,1733613497.956268491
809,1733613498.970509381
810,1733613500.567935837
811,1733613501.176375589
812,1733613501.376715115
813,1733613503.173120310
814,1733613503.174768046
815,1733613503.400254542
816,1733613503.574967560
817,1733613503.776092671
818,1733613503.976821981
819,1733613504.189793813
820,1733613504.379159533
821,1733613504.578221885
822,1733613504.780799576
823,1733613504.980232495
824,1733613505.379882807
825,1733613505.579876407
826,1733613505.785449204
827,1733613505.984048617
828,1733613506.196347300
829,1733613506.392605147
830,1733613506.581659032
831,1733613506.983457977
832,1733613507.183508033
833,1733613507.384003171
834,1733613507.586412443
835,1733613508.185733186
836,1733613509.000110963
837,1733613509.796320157
838,1733613510.800750648
839,1733613511.001990672
840,1733613511.215765960
841,1733613511.397702234
842,1733613513.198371034
843,1733613513.399552399
844,1733613513.802923786
845,1733613514.201654687
846,1733613514.401728421
847,1733613514.802969756
848,1733613515.003012647
849,1733613515.202978139
850,1733613515.402972306
851,1733613515.602975144
852,1733613515.808177786
853,1733613516.211932587
854,1733613516.423219623
855,1733613516.606250343
856,1733613516.806636671
857,1733613517.007397899
858,1733613517.209002146
859,1733613517.425791271
860,1733613517.631269523
861,1733613517.820313949
862,1733613518.011209831
863,1733613518.011780289
864,1733613518.421294282
865,1733613518.627750892
866,1733613518.817392991
867,1733613521.224159807
868,1733613522.236325027
869,1733613522.434564824
870,1733613522.632869798
871,1733613522.833030665
872,1733613523.036567785
873,1733613523.239209874
874,1733613523.447451332
875,1733613523.636353329
876,1733613523.835750633
877,1733613524.435902164
878,1733613524.841032377
879,1733613525.037012024
880,1733613525.438666317
881,1733613525.639983877
882,1733613525.839825300
883,1733613526.241690541
884,1733613526.449120247
885,1733613527.043984827
886,1733613527.244175160
887,1733613528.058797947
888,1733613528.246825582
889,1733613528.446808593
890,1733613528.660942822
891,1733613528.849804591
892,1733613529.049788179
893,1733613531.868749384
894,1733613532.873016783
895,1733613533.068087612
896,1733613533.269760367
897,1733613533.474489866
898,1733613533.669401740
899,1733613533.868237787
900,1733613534.069761608
901,1733613534.269518614
902,1733613534.469569216
903,1733613534.669573409
904,1733613534.875480318
905,1733613535.070757091
906,1733613535.270828275
907,1733613535.470790929
908,1733613535.671575507
909,1733613535.873105937
910,1733613536.673621668
911,1733613536.873909065
912,1733613537.074687045
913,1733613537.274687131
914,1733613537.474683646
915,1733613537.675203153
916,1733613538.276333669
917,1733613539.079622070
918,1733613543.297816137
919,1733613543.501023624
920,1733613543.695086358
921,1733613543.903716644
922,1733613544.103684218
923,1733613544.328942199
924,1733613544.904377408
925,1733613545.302769275
926,1733613545.499812012
927,1733613545.904945220
928,1733613546.503982648
929,1733613546.703984562
930,1733613546.910130665
931,1733613547.307723174
932,1733613548.915276902
933,1733613550.520402565
934,1733613551.135999249
935,1733613552.328416502
936,1733613552.549216184
937,1733613552.736242839
938,1733613552.937714942
939,1733613553.132193421
940,1733613553.331966514
941,1733613553.534810392
942,1733613553.757861458
943,1733613554.141428836
944,1733613554.339594680
945,1733613554.544185063
946,1733613554.943417840
947,1733613555.157079084
948,1733613555.342606535
949,1733613555.540441418
950,1733613555.751428882
951,1733613556.942690489
952,1733613557.745008267
953,1733613558.570687316
954,1733613561.155681819
955,1733613561.380131980
956,1733613561.559838097
957,1733613561.756902310
958,1733613561.956947329
959,1733613562.156964735
960,1733613562.357471696
961,1733613562.558639485
962,1733613562.759402798
963,1733613562.959426934
964,1733613563.376126220
965,1733613563.581534409
966,1733613563.762189176
967,1733613563.972509424
968,1733613564.167804242
969,1733613564.376416312
970,1733613564.761760314
971,1733613567.372796920
972,1733613568.374407196
973,1733613568.603941173
974,1733613569.176888955
975,1733613569.377972692
976,1733613569.584583653
977,1733613569.779685748
978,1733613571.788504314
979,1733613572.224854509
980,1733613572.595045503
981,1733613572.791342058
982,1733613573.003585116
983,1733613573.208996226
984,1733613573.594087943
985,1733613573.995780026
986,1733613574.197595710
987,1733613574.400058564
988,1733613574.602335289
989,1733613575.215558009
990,1733613575.396812708
991,1733613575.603025809
992,1733613575.802731604
993,1733613576.004218134
994,1733613576.204211797
995,1733613576.406437845
996,1733613576.605407003
997,1733613577.202481846
998,1733613578.808438090
999,1733613580.428472356
1000,1733613582.223502473
1001,1733613582.624967144
1002,1733613582.822864525
1003,1733613583.029103730
1004,1733613583.029490646
1005,1733613583.228786416
1006,1733613583.427755313
1007,1733613583.632439571
1008,1733613583.832778071
1009,1733613584.032238756
1010,1733613584.227143037
1011,1733613584.427359616
1012,1733613584.830338294
1013,1733613585.228783034
1014,1733613585.431862849
1015,1733613585.631187662
1016,1733613585.841772490
1017,1733613586.233549099
1018,1733613589.654441345
1019,1733613590.058480730
1020,1733613590.249592302
1021,1733613590.651425922
1022,1733613591.656883357
1023,1733613592.856738026
1024,1733613593.486436770
1025,1733613593.658447827
1026,1733613594.059135276
1027,1733613594.258820519
1028,1733613594.662617289
1029,1733613594.664192113
1030,1733613594.859815295
1031,1733613595.058642086
1032,1733613595.462057053
1033,1733613595.663107511
1034,1733613595.862015434
1035,1733613596.062025340
1036,1733613596.262022834
1037,1733613600.679032486
1038,1733613600.904688093
1039,1733613601.680325711
1040,1733613602.081531806
1041,1733613602.281531406
1042,1733613602.481558567
1043,1733613602.683953928
1044,1733613602.882167661
1045,1733613603.683518397
1046,1733613604.084107496
1047,1733613604.084709642
1048,1733613604.293827357
1049,1733613604.491154581
1050,1733613604.688788374
1051,1733613604.903824809
1052,1733613605.290488909
1053,1733613605.504959644
1054,1733613605.701532553
1055,1733613606.090588497
1056,1733613606.291307450
1057,1733613606.491283338
1058,1733613606.691277218
1059,1733613606.892964166
1060,1733613607.092849338
1061,1733613607.297740666
1062,1733613607.499099358
1063,1733613608.304694144
1064,1733613608.501386531
1065,1733613609.914548339
1066,1733613612.513280152
1067,1733613612.713297039
1068,1733613612.913653234
1069,1733613613.514759002
1070,1733613613.917002453
1071,1733613614.117091985
1072,1733613614.326226839
1073,1733613614.536859763
1074,1733613614.724498852
1075,1733613615.330680515
1076,1733613615.726827226
1077,1733613615.926563731
1078,1733613616.329773031
1079,1733613616.547549153
1080,1733613616.935431617
1081,1733613617.336190904
1082,1733613617.554101162
1083,1733613617.935401490
1084,1733613618.134939815
1085,1733613621.543664718
1086,1733613621.745803187
1087,1733613621.945447215
1088,1733613622.155492420
1089,1733613622.361624510
1090,1733613622.555439891
1091,1733613622.748455204
1092,1733613622.958547212
1093,1733613623.565053673
1094,1733613623.958279794
1095,1733613624.359185626
1096,1733613624.575398971
1097,1733613624.758870931
1098,1733613624.961874489
1099,1733613625.164620852
1100,1733613625.360515053
1101,1733613625.565372024
1102,1733613625.966537747
1103,1733613626.162779002
1104,1733613626.361369239
1105,1733613626.561433598
1106,1733613626.963577868
1107,1733613627.163887786
1108,1733613627.765700773
1109,1733613627.965514179
1110,1733613628.166367684
1111,1733613628.368673844
1112,1733613631.781840364
1113,1733613631.983632540
1114,1733613632.181794822
1115,1733613632.185592337
1116,1733613632.385081307
1117,1733613632.585064312
1118,1733613632.789670352
1119,1733613632.988077328
1120,1733613633.189986132
1121,1733613633.589906371
1122,1733613633.787922552
1123,1733613634.186326005
1124,1733613634.386533397
1125,1733613634.586317922
1126,1733613634.786338956
1127,1733613634.986327417
1128,1733613635.185837739
1129,1733613635.385902970
1130,1733613635.586118737
1131,1733613635.790125035
1132,1733613635.987120197
1133,1733613636.186543964
1134,1733613636.586940435
1135,1733613637.388894039
1136,1733613637.793400449
1137,1733613638.219311701
1138,1733613638.396456219
1139,1733613638.797195064
1140,1733613638.998658434
1141,1733613639.802642527
1142,1733613640.006932818
1143,1733613640.209703637
1144,1733613640.602324368
1145,1733613642.402828169
1146,1733613642.602857538
1147,1733613642.802869136
1148,1733613643.001970864
1149,1733613643.203172702
1150,1733613643.402235170
1151,1733613643.808844245
1152,1733613644.003854918
1153,1733613644.204612159
1154,1733613644.418461938
1155,1733613644.607318319
1156,1733613644.807352910
1157,1733613645.007395484
1158,1733613645.408450084
1159,1733613645.608465096
1160,1733613645.823235594
1161,1733613646.014907575
1162,1733613646.210118991
1163,1733613646.412863033
1164,1733613646.620950642
1165,1733613646.837251916
1166,1733613647.641119082
1167,1733613647.819241736
1168,1733613648.243722665
1169,1733613648.428970039
1170,1733613648.621720016
1171,1733613648.822878134
1172,1733613652.631389447
1173,1733613652.836226886
1174,1733613653.042010610
1175,1733613653.233278097
1176,1733613653.433284860
1177,1733613653.634404015
1178,1733613653.833478651
1179,1733613654.032926330
1180,1733613654.233334395
1181,1733613654.433365344
1182,1733613654.634990503
1183,1733613655.234843821
1184,1733613655.434809799
1185,1733613655.634833775
1186,1733613655.836330538
1187,1733613656.036378214
1188,1733613656.661016088
1189,1733613657.051343708
1190,1733613657.850070229
1191,1733613657.850571788
1192,1733613658.305994123
1193,1733613658.450142669
1194,1733613660.064133934
1195,1733613661.856959157
1196,1733613662.061482990
1197,1733613662.265128746
1198,1733613662.472200044
1199,1733613662.661868863
1200,1733613662.859926363
1201,1733613663.059206465
1202,1733613663.265135222
1203,1733613663.660573340
1204,1733613663.861400680
1205,1733613664.062404220
1206,1733613664.667235543
1207,1733613665.065507755
1208,1733613665.265594282
1209,1733613665.469450225
1210,1733613665.669864506
1211,1733613665.869294975
1212,1733613666.268126885
1213,1733613666.471445975
1214,1733613666.670507912
1215,1733613667.070603757
1216,1733613667.876400102
1217,1733613668.675815996
1218,1733613669.480684361
1219,1733613670.716972919
1220,1733613670.885571932
1221,1733613671.092658371
1222,1733613671.290963297
1223,1733613671.492354538
1224,1733613671.686342611
1225,1733613671.892547645
1226,1733613672.093412187
1227,1733613672.293344651
1228,1733613672.491054052
1229,1733613672.694999583
1230,1733613672.895405127
1231,1733613673.097034851
1232,1733613673.310019562
1233,1733613673.501270546
1234,1733613673.700513169
1235,1733613673.901049336
1236,1733613674.098073241
1237,1733613674.299752920
1238,1733613674.501936777
1239,1733613674.704113630
1240,1733613674.902286484
1241,1733613675.102423387
1242,1733613675.321243083
1243,1733613675.902629334
1244,1733613676.504630281
1245,1733613676.708402637
1246,1733613680.518721326
1247,1733613680.720849829
1248,1733613680.920237050
1249,1733613681.129399406
1250,1733613681.321456428
1251,1733613681.521450837
1252,1733613681.724102684
1253,1733613681.922237108
1254,1733613682.121241672
1255,1733613682.321306734
1256,1733613682.521157821
1257,1733613682.721138378
1258,1733613682.921333703
1259,1733613683.121757702
1260,1733613683.321857029
1261,1733613683.521863904
1262,1733613683.730879636
1263,1733613683.930756849
1264,1733613683.931425780
1265,1733613684.132991811
1266,1733613684.327700439
1267,1733613684.534512058
1268,1733613684.735314667
1269,1733613684.934357811
1270,1733613685.336698159
1271,1733613685.736316864
1272,1733613685.937832533
1273,1733613686.137975708
1274,1733613686.542903181
1275,1733613686.737480409
1276,1733613686.935566229
1277,1733613687.136184849
1278,1733613687.336272436
1279,1733613689.746985078
1280,1733613690.749639153
1281,1733613690.949499710
1282,1733613691.165533256
1283,1733613691.371008422
1284,1733613691.564408696
1285,1733613691.751805277
1286,1733613691.961123411
1287,1733613692.165758942
1288,1733613692.364196804
1289,1733613692.556661845
1290,1733613692.759523235
1291,1733613692.990014436
1292,1733613693.162387018
1293,1733613693.356084217
1294,1733613693.560588125
1295,1733613693.963427922
1296,1733613694.169615034
1297,1733613694.365981337
1298,1733613694.567897944
1299,1733613694.772555392
1300,1733613694.962899485
1301,1733613695.165740593
1302,1733613696.367830370
1303,1733613696.565925368
1304,1733613696.765906554
1305,1733613696.965903667
1306,1733613697.165055480
1307,1733613697.365761077
1308,1733613697.568442989
1309,1733613697.769997145
1310,1733613697.970252388
1311,1733613698.168647804
1312,1733613699.788216546
1313,1733613699.975308238
1314,1733613700.176565934
1315,1733613700.375484778
1316,1733613700.575606872
1317,1733613700.775568799
1318,1733613700.976526011
1319,1733613701.179892294
1320,1733613701.376963741
1321,1733613701.578868562
1322,1733613701.778291539
1323,1733613701.978546036
1324,1733613702.178626577
1325,1733613702.382475867
1326,1733613702.593062693
1327,1733613702.792247542
1328,1733613702.990861775
1329,1733613703.195047847
1330,1733613703.391892976
1331,1733613703.591536358
1332,1733613703.787295903
1333,1733613703.991476369
1334,1733613704.195028492
1335,1733613704.396220616
1336,1733613704.590970094
1337,1733613704.795395363
1338,1733613704.993350402
1339,1733613705.201822914
1340,1733613705.597273165
1341,1733613705.798764536
1342,1733613706.001765872
1343,1733613706.197873833
1344,1733613706.397053752
1345,1733613706.595368040
1346,1733613706.804472725
1347,1733613707.002209696
1348,1733613707.597640271
1349,1733613708.007995485
1350,1733613708.398710511
1351,1733613708.599436885
1352,1733613708.800528808
1353,1733613709.001528979
1354,1733613709.200917205
1355,1733613712.614530266
1356,1733613712.814530125
1357,1733613713.013906149
1358,1733613713.221498257
1359,1733613713.427521765
1360,1733613713.632091035
1361,1733613713.818703923
1362,1733613714.027255910
1363,1733613714.228988759
1364,1733613714.439894541
1365,1733613714.618495360
1366,1733613714.824391966
1367,1733613715.024280259
1368,1733613715.228697141
1369,1733613715.423422664
1370,1733613715.628104325
1371,1733613715.828599523
1372,1733613716.027957192
1373,1733613716.242077332
1374,1733613716.443897277
1375,1733613716.668665327
1376,1733613716.849350588
1377,1733613717.026811888
1378,1733613717.232244733
1379,1733613717.431334955
1380,1733613717.832220891
1381,1733613718.029727208
1382,1733613718.232452932
1383,1733613718.430528605
1384,1733613718.831250490
1385,1733613719.632180996
1386,1733613720.235632405
1387,1733613720.434750787
1388,1733613723.848882733
1389,1733613724.047957110
1390,1733613724.247968866
1391,1733613724.470781903
1392,1733613724.660534197
1393,1733613724.863241080
1394,1733613725.055085526
1395,1733613725.269423217
1396,1733613725.465633123
1397,1733613725.660705119
1398,1733613726.058967082
1399,1733613726.059231659
1400,1733613726.275321146
1401,1733613726.468236331
1402,1733613726.660497192
1403,1733613726.863565467
1404,1733613727.067324403
1405,1733613727.263265714
1406,1733613727.465719910
1407,1733613727.870265252
1408,1733613728.266058551
1409,1733613728.671485937
1410,1733613728.870955054
1411,1733613729.071009876
1412,1733613729.268606697
1413,1733613729.496249406
1414,1733613729.497101906
1415,1733613729.669304640
1416,1733613729.872426043
1417,1733613730.482545190
1418,1733613733.898756194
1419,1733613734.100396790
1420,1733613734.306222343
1421,1733613734.488922374
1422,1733613734.704258451
1423,1733613734.913864843
1424,1733613735.122533194
1425,1733613735.288582177
1426,1733613735.498013802
1427,1733613735.895906646
1428,1733613736.095881017
1429,1733613736.301007367
1430,1733613736.304331795
1431,1733613736.502546974
1432,1733613736.698274276
1433,1733613736.898028684
1434,1733613737.099362771
1435,1733613737.502498175
1436,1733613737.701816645
1437,1733613737.918668062
1438,1733613738.104380215
1439,1733613738.316193115
1440,1733613738.702679988
1441,1733613739.318418745
1442,1733613739.517077719
1443,1733613739.909778955
1444,1733613740.106849254
1445,1733613740.308871268
1446,1733613740.908859970
1447,1733613742.514167111
1448,1733613743.318976734
1449,1733613744.334518451
1450,1733613744.525874442
1451,1733613744.733171163
1452,1733613744.927157265
1453,1733613745.130665663
1454,1733613745.411168754
1455,1733613745.531318706
1456,1733613745.725846970
1457,1733613745.933965791
1458,1733613746.138035982
1459,1733613746.332547072
1460,1733613746.916184680
1461,1733613746.936993271
1462,1733613747.140777991
1463,1733613747.340188875
1464,1733613747.537334072
1465,1733613747.740465999
1466,1733613747.937744486
1467,1733613748.135805268
1468,1733613748.339780584
1469,1733613748.536885925
1470,1733613748.738374369
1471,1733613748.955020993
1472,1733613749.141931002
1473,1733613749.346208082
1474,1733613749.540775375
1475,1733613749.741201194
1476,1733613749.942575986
1477,1733613750.143945355
1478,1733613750.545728841
1479,1733613750.742779345
1480,1733613753.961324432
1481,1733613754.760781342
1482,1733613756.771023266
1483,1733613756.969136520
1484,1733613757.170068093
1485,1733613757.568824809
1486,1733613757.773785126
1487,1733613757.969842411
1488,1733613758.171077359
1489,1733613758.370152891
1490,1733613758.570152783
1491,1733613758.770154269
1492,1733613758.971932838
1493,1733613759.371800219
1494,1733613759.571706511
1495,1733613759.776329793
1496,1733613759.972505956
1497,1733613760.176368916
1498,1733613760.373449206
1499,1733613760.573441160
1500,1733613761.175524098
1501,1733613761.374591428
1502,1733613761.575406094
1503,1733613761.775690241
1504,1733613761.975767148
1505,1733613762.376277667
1506,1733613763.997389095
1507,1733613766.394484133
1508,1733613767.202473202
1509,1733613767.396542208
1510,1733613767.610913671
1511,1733613767.806201707
1512,1733613768.005548727
1513,1733613768.199765694
1514,1733613768.813239003
1515,1733613769.009372508
1516,1733613769.200557187
1517,1733613769.802584149
1518,1733613770.002633986
1519,1733613770.804815573
1520,1733613771.004884211
1521,1733613771.204975437
1522,1733613771.405029770
1523,1733613771.604957981
1524,1733613771.805684068
1525,1733613772.006554308
1526,1733613772.209152591
1527,1733613772.608780647
1528,1733613772.812178125
1529,1733613773.019964125
1530,1733613773.230914785
1531,1733613773.415756727
1532,1733613775.832584359
1533,1733613776.826993487
1534,1733613777.033794148
1535,1733613777.234389944
1536,1733613777.434016169
1537,1733613777.631764691
1538,1733613777.829856451
1539,1733613777.830543308
1540,1733613778.028900827
1541,1733613778.228970473
1542,1733613778.429878336
1543,1733613778.632820459
1544,1733613778.832003657
1545,1733613779.033293231
1546,1733613779.033542241
1547,1733613779.232343782
1548,1733613779.434147518
1549,1733613779.634299537
1550,1733613779.834225738
1551,1733613780.033189665
1552,1733613780.233872763
1553,1733613780.433997174
1554,1733613780.633921087
1555,1733613780.835029314
1556,1733613781.035156096
1557,1733613781.235109268
1558,1733613781.436812137
1559,1733613781.635895725
1560,1733613781.835888792
1561,1733613782.035762095
1562,1733613782.235822689
1563,1733613782.444888067
1564,1733613782.650183400
1565,1733613782.864224131
1566,1733613783.043719708
1567,1733613783.244826068
1568,1733613784.046156706
1569,1733613787.256000554
1570,1733613787.455025204
1571,1733613787.655016268
1572,1733613787.855006640
1573,1733613788.054020346
1574,1733613788.258606884
1575,1733613788.454729089
1576,1733613788.654722222
1577,1733613788.855237552
1578,1733613789.055321627
1579,1733613789.055666309
1580,1733613789.255324942
1581,1733613789.455545658
1582,1733613789.655798792
1583,1733613789.855872342
1584,1733613790.055109064
1585,1733613790.263051793
1586,1733613790.456127551
1587,1733613790.656972247
1588,1733613790.858830659
1589,1733613791.058836519
1590,1733613791.258859619
1591,1733613791.460623103
1592,1733613791.659702756
1593,1733613791.859708092
1594,1733613792.070562253
1595,1733613792.262243846
1596,1733613792.473869541
1597,1733613792.664537881
1598,1733613792.875893226
1599,1733613793.080772357
1600,1733613793.280860293
1601,1733613793.675968224
1602,1733613793.876054302
1603,1733613794.079097018
1604,1733613794.474262284
1605,1733613794.674124521
1606,1733613795.877623685
1607,1733613796.677033165
1608,1733613798.282686655
1609,1733613798.482672567
1610,1733613798.685163197
1611,1733613798.884235428
1612,1733613799.084315533
1613,1733613799.284978760
1614,1733613799.485164905
1615,1733613799.685332828
1616,1733613799.885386474
1617,1733613800.087314661
1618,1733613800.285385072
1619,1733613800.487718920
1620,1733613800.685771694
1621,1733613800.909831338
1622,1733613800.910350127
1623,1733613801.098349319
1624,1733613801.299211899
1625,1733613801.498573957
1626,1733613801.688725470
1627,1733613801.897200428
1628,1733613802.106926674
1629,1733613802.300825901
1630,1733613802.495467540
1631,1733613802.702005683
1632,1733613802.903032261
1633,1733613802.903256580
1634,1733613803.097436557
1635,1733613803.296578081
1636,1733613803.516213668
1637,1733613803.706049690
1638,1733613804.099510518
1639,1733613804.308726984
1640,1733613804.513106159
1641,1733613805.309109541
1642,1733613805.509938261
1643,1733613805.704952855
1644,1733613806.104788470
1645,1733613809.516256490
1646,1733613809.719128055
1647,1733613809.919439579
1648,1733613809.921100963
1649,1733613810.127464073
1650,1733613810.327775993
1651,1733613810.545032620
1652,1733613810.721595785
1653,1733613810.930473646
1654,1733613811.135651928
1655,1733613811.136461814
1656,1733613811.335324779
1657,1733613811.526059438
1658,1733613811.727836374
1659,1733613811.948265925
1660,1733613812.130140634
1661,1733613812.328890925
1662,1733613812.531202653
1663,1733613812.739052015
1664,1733613812.947328837
1665,1733613813.131244994
1666,1733613813.336787787
1667,1733613813.539502540
1668,1733613813.740931290
1669,1733613813.933982704
1670,1733613814.137918753
1671,1733613814.353155333
1672,1733613814.539052302
1673,1733613814.737798412
1674,1733613814.935891880
1675,1733613815.146628598
1676,1733613815.147146445
1677,1733613815.335688819
1678,1733613815.535679767
1679,1733613815.735673227
1680,1733613815.935668445
1681,1733613816.336869505
1682,1733613816.549328644
1683,1733613817.343200704
1684,1733613820.561061817
1685,1733613822.362417622
1686,1733613822.562320421
1687,1733613822.765660114
1688,1733613822.979679977
1689,1733613823.165811508
1690,1733613823.366098977
1691,1733613823.566463168
1692,1733613823.769173029
1693,1733613823.972074029
1694,1733613824.365664546
1695,1733613824.568604770
1696,1733613824.970229829
1697,1733613825.168777052
1698,1733613825.368863291
1699,1733613825.568970668
1700,1733613825.768938269
1701,1733613825.969216695
1702,1733613826.169818017
1703,1733613826.570395306
1704,1733613826.770337859
1705,1733613826.970444104
1706,1733613827.178115649
1707,1733613827.371206968
1708,1733613827.571459603
1709,1733613827.772448577
1710,1733613827.773482727
1711,1733613827.974024111
1712,1733613828.173744830
1713,1733613828.575638545
1714,1733613830.986891352
1715,1733613831.192412861
1716,1733613831.595080013
1717,1733613831.794180519
1718,1733613834.604620834
1719,1733613834.999705802
1720,1733613835.199799206
1721,1733613836.204516170
1722,1733613836.405516682
1723,1733613837.209264471
1724,1733613838.234137934
1725,1733613838.627485619
1726,1733613838.816270662
1727,1733613839.018568813
1728,1733613839.230629308
1729,1733613839.429724681
1730,1733613839.430626771
1731,1733613839.621604523
1732,1733613839.826715928
1733,1733613840.028383969
1734,1733613840.231305443
1735,1733613840.424444759
1736,1733613840.644760495
1737,1733613840.828491149
1738,1733613841.028334271
1739,1733613841.226631018
1740,1733613841.432283921
1741,1733613841.628483058
1742,1733613841.831297561
1743,1733613842.030269040
1744,1733613842.234547727
1745,1733613842.434831286
1746,1733613842.637750738
1747,1733613842.835322711
1748,1733613843.034114694
1749,1733613843.837493432
1750,1733613846.445420610
1751,1733613846.645491507
1752,1733613846.846154986
1753,1733613847.046229452
1754,1733613847.246245023
1755,1733613847.452164841
1756,1733613847.659460612
1757,1733613847.857537718
1758,1733613848.048896985
1759,1733613848.267170131
1760,1733613848.459532902
1761,1733613848.662414240
1762,1733613848.853174838
1763,1733613849.055503916
1764,1733613849.260296219
1765,1733613849.471072378
1766,1733613849.655795434
1767,1733613849.861397113
1768,1733613850.061566335
1769,1733613850.259077812
1770,1733613850.456597195
1771,1733613850.663357872
1772,1733613850.864232447
1773,1733613851.062998501
1774,1733613851.464349467
1775,1733613851.668141494
1776,1733613851.869117040
1777,1733613852.064868422
1778,1733613852.263037504
1779,1733613852.464225964
1780,1733613852.664245174
1781,1733613852.869570135
1782,1733613853.065708223
1783,1733613853.265753718
1784,1733613853.465658809
1785,1733613853.665659419
1786,1733613853.865646645
1787,1733613854.064973819
1788,1733613854.264981828
1789,1733613854.470457676
1790,1733613854.665601384
1791,1733613854.868171102
1792,1733613855.066230672
1793,1733613855.266215146
1794,1733613855.466287598
1795,1733613855.666602451
1796,1733613855.867148480
1797,1733613856.269735529
1798,1733613856.472853736
1799,1733613856.670388194
1800,1733613857.477189040
1801,1733613859.081674287
1802,1733613860.088338697
1803,1733613860.291289354
1804,1733613860.491914022
1805,1733613860.689588474
1806,1733613860.890370830
1807,1733613861.106547217
1808,1733613861.298521802
1809,1733613861.491829966
1810,1733613861.689921521
1811,1733613861.889917202
1812,1733613862.089389355
1813,1733613862.289858735
1814,1733613862.489938818
1815,1733613862.689944352
1816,1733613862.891082050
1817,1733613863.091158090
1818,1733613863.293270692
1819,1733613863.492356108
1820,1733613863.695294082
1821,1733613863.894480045
1822,1733613864.094554106
1823,1733613864.294557068
1824,1733613864.494669552
1825,1733613864.695557287
1826,1733613864.896220645
1827,1733613864.896607719
1828,1733613865.097229413
1829,1733613865.297601947
1830,1733613865.497675316
1831,1733613865.697831382
1832,1733613865.897670450
1833,1733613866.097525181
1834,1733613866.298127140
1835,1733613866.500204944
1836,1733613866.720598171
1837,1733613866.908314003
1838,1733613867.119570971
1839,1733613867.306274835
1840,1733613867.520082965
1841,1733613867.724114485
1842,1733613867.916982273
1843,1733613868.109878737
1844,1733613868.308882199
1845,1733613868.522449904
1846,1733613868.908085036
1847,1733613869.918496683
1848,1733613870.115634489
1849,1733613870.317814336
1850,1733613870.515953316
1851,1733613870.719545000
1852,1733613870.923587179
1853,1733613871.120222910
1854,1733613871.319164640
1855,1733613871.320366938
1856,1733613871.516219257
1857,1733613871.731613217
1858,1733613871.919851802
1859,1733613872.120260344
1860,1733613872.319325383
1861,1733613872.522677284
1862,1733613872.523745001
1863,1733613872.721133156
1864,1733613872.722077783
1865,1733613872.920239212
1866,1733613873.121216237
1867,1733613873.121624395
1868,1733613873.321298061
1869,1733613875.137138982
1870,1733613875.338770668
1871,1733613875.535346389
1872,1733613875.729493620
1873,1733613875.940957386
1874,1733613876.135358230
1875,1733613876.333184502
1876,1733613876.547189957
1877,1733613876.738354658
1878,1733613876.941662463
1879,1733613877.133760372
1880,1733613877.134929523
1881,1733613877.347000409
1882,1733613877.537065378
1883,1733613877.741608086
1884,1733613877.939411470
1885,1733613878.145697290
1886,1733613878.351193693
1887,1733613878.542760407
1888,1733613878.757881209
1889,1733613878.945131315
1890,1733613879.143897679
1891,1733613879.341973902
1892,1733613879.542263286
1893,1733613879.742391276
1894,1733613879.958874176
1895,1733613880.143270282
1896,1733613880.343978362
1897,1733613880.544242999
1898,1733613880.744980964
1899,1733613880.945616453
1900,1733613881.145712533
1901,1733613881.345705681
1902,1733613881.545690582
1903,1733613881.752535074
1904,1733613881.946697428
1905,1733613882.145892217
1906,1733613882.345728353
1907,1733613882.545630350
1908,1733613882.746020232
1909,1733613882.946079934
1910,1733613883.148165308
1911,1733613883.150658164
1912,1733613883.348375574
1913,1733613883.562771551
1914,1733613883.768888124
1915,1733613883.960466583
1916,1733613884.162412681
1917,1733613884.952689412
1918,1733613885.153307953
1919,1733613885.392932556
1920,1733613885.572768864
1921,1733613885.759558162
1922,1733613885.961686222
1923,1733613885.962852728
1924,1733613886.159412869
1925,1733613886.363357785
1926,1733613886.567757903
1927,1733613886.774163214
1928,1733613886.962948206
1929,1733613887.166404489
1930,1733613888.766417501
1931,1733613888.966492163
1932,1733613889.166255085
1933,1733613889.366371789
1934,1733613889.566560791
1935,1733613889.766650793
1936,1733613889.987172456
1937,1733613890.167241342
1938,1733613890.367394435
1939,1733613890.567241715
1940,1733613890.767228070
1941,1733613890.967699826
1942,1733613890.968613983
1943,1733613891.171361561
1944,1733613891.172926001
1945,1733613891.368688514
1946,1733613891.568769227
1947,1733613891.568903352
1948,1733613891.569716862
1949,1733613891.768979585
1950,1733613891.969412346
1951,1733613892.170800132
1952,1733613892.179592870
1953,1733613892.369892178
1954,1733613892.574659268
1955,1733613892.771713085
1956,1733613892.971785494
1957,1733613892.971998065
1958,1733613893.372897902
1959,1733613893.773057660
1960,1733613894.179115704
1961,1733613894.399362151
1962,1733613894.580632999
1963,1733613895.585947805
1964,1733613895.790923132
1965,1733613895.985489760
1966,1733613896.190857052
1967,1733613896.389117694
1968,1733613896.588362399
1969,1733613896.788596718
1970,1733613896.992468907
1971,1733613897.190635063
1972,1733613897.394882803
1973,1733613898.193991557
1974,1733613898.392255155
1975,1733613898.794919415
1976,1733613898.995148105
1977,1733613899.195721774
1978,1733613899.997555614
1979,1733613900.800705541
1980,1733613901.802823538
1981,1733613902.002056617
1982,1733613902.202162930
1983,1733613902.402171622
1984,1733613902.602189257
1985,1733613902.802431591
1986,1733613903.003291861
1987,1733613903.203803246
1988,1733613903.205447777
1989,1733613903.403863830
1990,1733613903.603849787
1991,1733613903.804816323
1992,1733613904.004904902
1993,1733613904.212898825
1994,1733613904.414366589
1995,1733613904.609090116
1996,1733613904.812837952
1997,1733613905.016284580
1998,1733613905.211070572
1999,1733613905.427649613
2000,1733613905.614312648
2001,1733613906.234569883
2002,1733613906.819520144
2003,1733613907.021735484
2004,1733613908.631593255
2005,1733613909.022843820
2006,1733613909.224933077
2007,1733613909.426082333
2008,1733613909.626408692
2009,1733613910.226354671
2010,1733613911.831476118
2011,1733613912.034181845
2012,1733613912.245118216
2013,1733613912.447575074
2014,1733613912.637932601
2015,1733613912.844097196
2016,1733613913.046309112
2017,1733613913.240607121
2018,1733613913.444300932
2019,1733613913.642257559
2020,1733613913.843419213
2021,1733613914.248253776
2022,1733613914.448293280
2023,1733613914.644987776
2024,1733613914.847599713
2025,1733613915.050921854
2026,1733613915.247598583
2027,1733613915.450617510
2028,1733613915.654553271
2029,1733613915.857593037
2030,1733613916.054583523
2031,1733613916.249556179
2032,1733613916.452458637
2033,1733613918.860972982
2034,1733613919.662649916
2035,1733613919.665402231
2036,1733613919.883581417
2037,1733613920.067950835
2038,1733613920.673056347
2039,1733613920.870039696
2040,1733613921.277665227
2041,1733613921.470076735
2042,1733613921.672834864
2043,1733613921.874572795
2044,1733613922.075998759
2045,1733613922.277596706
2046,1733613922.683965647
2047,1733613923.079471747
2048,1733613923.280736871
2049,1733613923.481940541
2050,1733613923.685636778
2051,1733613923.884393044
2052,1733613924.084099851
2053,1733613924.279113659
2054,1733613924.481238699
2055,1733613924.682539559
2056,1733613924.880844006
2057,1733613925.080913389
2058,1733613925.281057547
2059,1733613925.481443726
2060,1733613925.683357869
2061,1733613925.886253483
2062,1733613926.085637897
2063,1733613926.284075877
2064,1733613928.702151156
2065,1733613929.700968030
2066,1733613929.922797331
2067,1733613930.103148303
2068,1733613930.307775676
2069,1733613930.500996695
2070,1733613930.709187678
2071,1733613930.905700685
2072,1733613931.110158641
2073,1733613931.316268183
2074,1733613931.506120323
2075,1733613931.911335298
2076,1733613932.109653491
2077,1733613932.305722967
2078,1733613932.521168978
2079,1733613932.707369909
2080,1733613932.907687582
2081,1733613933.112945101
2082,1733613933.309052019
2083,1733613933.509078264
2084,1733613933.709058925
2085,1733613933.909715456
2086,1733613934.113313265
2087,1733613934.310664077
2088,1733613934.510777331
2089,1733613934.710709060
2090,1733613934.911569045
2091,1733613935.312857836
2092,1733613935.512963840
2093,1733613935.921400516
2094,1733613935.922578117
2095,1733613936.331810786
2096,1733613937.941083101
2097,1733613939.731637805
2098,1733613939.931389256
2099,1733613940.139566939
2100,1733613940.515902684
2101,1733613940.517434107
2102,1733613940.539626952
2103,1733613940.735948700
2104,1733613941.133286577
2105,1733613941.333291228
2106,1733613941.533293623
2107,1733613941.733285423
2108,1733613941.934043124
2109,1733613942.134419838
2110,1733613942.335633906
2111,1733613942.535722078
2112,1733613942.936171698
2113,1733613943.136980524
2114,1733613943.538172671
2115,1733613943.738235119
2116,1733613943.938487170
2117,1733613944.138806803
2118,1733613944.338920050
2119,1733613944.540698213
2120,1733613944.941082560
2121,1733613945.141185303
2122,1733613945.343260072
2123,1733613945.744338403
2124,1733613945.944124357
2125,1733613946.145259495
2126,1733613946.345773151
2127,1733613946.746887852
2128,1733613947.568963404
2129,1733613950.166132547
2130,1733613950.362775910
2131,1733613950.566758086
2132,1733613950.771306407
2133,1733613950.975578033
2134,1733613951.167414358
2135,1733613951.369601342
2136,1733613951.370282431
2137,1733613951.372004445
2138,1733613951.568918920
2139,1733613951.775665043
2140,1733613951.972810776
2141,1733613952.171628489
2142,1733613952.370403936
2143,1733613952.374109227
2144,1733613952.572594506
2145,1733613952.772340257
2146,1733613952.973083129
2147,1733613952.973857875
2148,1733613953.174319792
2149,1733613953.579929921
2150,1733613953.776712605
2151,1733613953.974779407
2152,1733613954.375840513
2153,1733613954.575907583
2154,1733613954.776639344
2155,1733613954.976697458
2156,1733613955.178224731
2157,1733613955.378217039
2158,1733613955.584076839
2159,1733613955.979470303
2160,1733613956.179060706
2161,1733613956.381498092
2162,1733613956.785474361
2163,1733613957.182555128
2164,1733613957.584056596
2165,1733613957.785408508
2166,1733613957.988177547
2167,1733613959.610987313
2168,1733613961.403875608
2169,1733613961.601517230
2170,1733613961.802670194
2171,1733613962.004991934
2172,1733613962.205688538
2173,1733613962.416528447
2174,1733613962.604785340
2175,1733613963.006356656
2176,1733613963.403396864
2177,1733613963.603993233
2178,1733613963.804563721
2179,1733613964.004564741
2180,1733613964.204927948
2181,1733613964.404958733
2182,1733613964.604961045
2183,1733613964.804988437
2184,1733613965.004957099
2185,1733613965.207067704
2186,1733613965.414091832
2187,1733613965.607156744
2188,1733613965.807168367
2189,1733613966.609154810
2190,1733613966.812847087
2191,1733613967.011549137
2192,1733613967.212277920
2193,1733613967.617955621
2194,1733613967.813092321
2195,1733613968.013897391
2196,1733613968.222825137
2197,1733613968.624313471
2198,1733613972.034127874
2199,1733613972.240625784
2200,1733613972.446034628
2201,1733613972.634295199
2202,1733613973.032658991
2203,1733613973.232719502
2204,1733613973.435482225
2205,1733613973.634424802
2206,1733613973.834588040
2207,1733613974.033486260
2208,1733613974.233486191
2209,1733613974.433503697
2210,1733613974.834110124
2211,1733613975.033004370
2212,1733613975.232965527
2213,1733613975.444545692
2214,1733613975.634305446
2215,1733613975.837175860
2216,1733613976.035895221
2217,1733613976.235947634
2218,1733613976.438196172
2219,1733613976.637080849
2220,1733613976.837189645
2221,1733613977.036956586
2222,1733613977.238668436
2223,1733613977.638215584
2224,1733613977.842403336
2225,1733613978.042288084
2226,1733613978.263193759
2227,1733613979.248122003
2228,1733613984.063497031
2229,1733613984.871710143
2230,1733613985.266848356
2231,1733613985.667341105
2232,1733613985.867386699
2233,1733613986.066334320
2234,1733613986.270519206
2235,1733613986.467557848
2236,1733613986.667547153
2237,1733613986.867567089
2238,1733613987.066541428
2239,1733613987.288325779
2240,1733613987.486924824
2241,1733613987.679102783
2242,1733613987.871806895
2243,1733613988.083463352
2244,1733613988.284249431
2245,1733613988.474592867
2246,1733613988.677717977
2247,1733613988.876480398
2248,1733613989.479897036
2249,1733613990.282679600
2250,1733613991.096294566
2251,1733613992.688064795
2252,1733613994.496155948
2253,1733613995.315357761
2254,1733613995.505894793
2255,1733613995.697615265
2256,1733613995.906395358
2257,1733613996.303548073
2258,1733613996.703610622
2259,1733613996.905954968
2260,1733613997.308971103
2261,1733613997.506440697
2262,1733613997.703468145
2263,1733613997.911194432
2264,1733613998.122109944
2265,1733613998.307869941
2266,1733613998.510006935
2267,1733613998.713116848
2268,1733613998.912686265
2269,1733613999.309042879
2270,1733613999.529934542
2271,1733614001.316387759
2272,1733614004.739503852
2273,1733614005.135998519
2274,1733614005.534574797
2275,1733614005.739015280
2276,1733614006.136781086
2277,1733614006.139482203
2278,1733614006.742719809
2279,1733614006.940454228
2280,1733614007.146418921
2281,1733614007.543213082
2282,1733614007.741275238
2283,1733614007.941612923
2284,1733614008.143200492
2285,1733614008.344277480
2286,1733614008.543347946
2287,1733614008.743329313
2288,1733614008.957428855
2289,1733614009.144695319
2290,1733614009.548582662
2291,1733614009.757568372
2292,1733614009.947624452
2293,1733614015.569468719
2294,1733614015.771644753
2295,1733614015.977711623
2296,1733614016.174528456
2297,1733614016.373884600
2298,1733614016.572788047
2299,1733614016.772995943
2300,1733614017.177654268
2301,1733614017.374720172
2302,1733614017.576468070
2303,1733614017.976397181
2304,1733614018.176484993
2305,1733614018.777973717
2306,1733614018.977999010
2307,1733614019.177408936
2308,1733614019.377605927
2309,1733614019.577831141
2310,1733614019.777909302
2311,1733614019.979162077
2312,1733614020.179399966
2313,1733614020.379489554
2314,1733614020.785493180
2315,1733614020.786898523
2316,1733614020.989803460
2317,1733614021.792933181
2318,1733614022.592711072
2319,1733614023.408984590
2320,1733614024.196574461
2321,1733614024.996346323
2322,1733614025.804824839
2323,1733614025.999898714
2324,1733614026.199862400
2325,1733614026.400249217
2326,1733614026.600892093
2327,1733614026.801110587
2328,1733614027.002961888
2329,1733614027.402468941
2330,1733614027.602473356
2331,1733614027.802466114
2332,1733614028.001485352
2333,1733614028.201479433
2334,1733614028.802412010
2335,1733614029.002237052
2336,1733614029.216123432
2337,1733614029.418838777
2338,1733614029.624416731
2339,1733614029.807787813
2340,1733614030.016727035
2341,1733614030.210983788
2342,1733614030.411229290
2343,1733614030.618154974
2344,1733614030.862926048
2345,1733614031.225944773
2346,1733614031.418174000
2347,1733614032.223819616
2348,1733614035.429682872
2349,1733614036.231594455
2350,1733614036.433221270
2351,1733614036.434724348
2352,1733614036.632663554
2353,1733614036.835783905
2354,1733614037.035905103
2355,1733614037.234974594
2356,1733614037.434963507
2357,1733614037.635885708
2358,1733614037.836908701
2359,1733614038.077621800
2360,1733614038.255108654
2361,1733614038.452125315
2362,1733614038.639660280
2363,1733614038.850162269
2364,1733614039.044270265
2365,1733614039.248330670
2366,1733614039.455716175
2367,1733614039.658386160
2368,1733614039.850135334
2369,1733614040.051250318
2370,1733614042.455412353
2371,1733614045.066049263
2372,1733614045.274221608
2373,1733614045.275580423
2374,1733614045.467467710
2375,1733614045.670127250
2376,1733614045.869238179
2377,1733614046.070348807
2378,1733614046.283495334
2379,1733614046.482013291
2380,1733614046.873084744
2381,1733614047.085907589
2382,1733614047.676817226
2383,1733614047.882872279
2384,1733614048.280143993
2385,1733614048.688852877
2386,1733614054.301712372
2387,1733614054.713303233
2388,1733614055.104808527
2389,1733614055.321234218
2390,1733614055.511719460
2391,1733614056.124075886
2392,1733614056.313295978
2393,1733614056.525928437
2394,1733614056.911035753
2395,1733614057.309772959
2396,1733614057.512915918
2397,1733614057.715057256
2398,1733614057.917566805
2399,1733614058.112583503
2400,1733614058.916172621
2401,1733614059.116495967
2402,1733614059.316605977
2403,1733614062.326117279
2404,1733614064.334370883
2405,1733614064.744737990
2406,1733614065.157227499
2407,1733614065.339418090
2408,1733614065.544956307
2409,1733614065.751314662
2410,1733614066.155587009
2411,1733614066.352683088
2412,1733614066.743574377
2413,1733614066.946309443
2414,1733614067.352228689
2415,1733614067.547647974
2416,1733614067.744716192
2417,1733614067.947638120
2418,1733614068.145931541
2419,1733614068.346454183
2420,1733614068.546544422
2421,1733614068.746548396
2422,1733614068.953105263
2423,1733614069.150786187
2424,1733614069.557846332
2425,1733614070.351176438
2426,1733614071.153531427
2427,1733614074.369437132
2428,1733614074.571600508
2429,1733614074.767650482
2430,1733614075.169702032
2431,1733614075.380970819
2432,1733614075.785389354
2433,1733614075.974302873
2434,1733614076.389748612
2435,1733614076.593272348
2436,1733614076.780916866
2437,1733614076.979604217
2438,1733614077.798154804
2439,1733614077.988635465
2440,1733614078.992567388
2441,1733614083.000952745
2442,1733614083.402326827
2443,1733614083.602390982
2444,1733614083.802480493
2445,1733614084.001472036
2446,1733614084.608245233
2447,1733614084.820789891
2448,1733614085.019291699
2449,1733614085.409736619
2450,1733614085.614447955
2451,1733614085.816767768
2452,1733614086.017488299
2453,1733614086.422711209
2454,1733614086.618391831
2455,1733614086.826198196
2456,1733614087.815313352
2457,1733614088.620424731
2458,1733614089.026091931
2459,1733614089.228633513
2460,1733614091.031820540
2461,1733614092.835864127
2462,1733614093.235917669
2463,1733614093.438131770
2464,1733614093.838140568
2465,1733614094.037126972
2466,1733614094.439458578
2467,1733614094.646809446
2468,1733614095.041252129
2469,1733614095.241349011
2470,1733614095.464533166
2471,1733614095.656640100
2472,1733614095.851404859
2473,1733614095.852221165
2474,1733614096.044842764
2475,1733614096.269293225
2476,1733614096.449922246
2477,1733614096.663597101
2478,1733614096.850341995
2479,1733614100.861999031
2480,1733614101.670486020
2481,1733614101.863521175
2482,1733614102.064536121
2483,1733614102.483014817
2484,1733614102.665058928
2485,1733614102.865759535
2486,1733614103.066061824
2487,1733614103.268093650
2488,1733614103.467495141
2489,1733614103.467927996
2490,1733614103.668439135
2491,1733614103.871567846
2492,1733614104.069652800
2493,1733614104.269642226
2494,1733614104.472327866
2495,1733614104.473252884
2496,1733614104.678069089
2497,1733614104.871562872
2498,1733614105.072601948
2499,1733614105.279372570
2500,1733614105.478161110
2501,1733614105.679779278
2502,1733614105.879207622
2503,1733614105.879523928
2504,1733614106.079624536
2505,1733614106.489813255
2506,1733614106.885626218
2507,1733614107.085651149
2508,1733614107.889458036
2509,1733614108.087066639
2510,1733614108.504866376
2511,1733614108.688872963
2512,1733614109.493889713
2513,1733614110.292797799
2514,1733614112.099849671
2515,1733614112.298961854
2516,1733614112.498946067
2517,1733614112.699651009
2518,1733614112.899796887
2519,1733614113.098698699
2520,1733614113.301166252
2521,1733614113.499738084
2522,1733614113.699844904
2523,1733614113.899782903
2524,1733614114.098844590
2525,1733614114.298884130
2526,1733614114.498837848
2527,1733614114.698870784
2528,1733614114.898835361
2529,1733614115.097827020
2530,1733614115.303622875
2531,1733614115.498698609
2532,1733614115.698700995
2533,1733614115.898702805
2534,1733614116.298171049
2535,1733614116.507332760
2536,1733614116.699822796
2537,1733614116.898958496
2538,1733614117.097891606
2539,1733614117.297883241
2540,1733614117.497897198
2541,1733614117.697901995
2542,1733614117.898196506
2543,1733614118.098285795
2544,1733614118.305748881
2545,1733614118.509749621
2546,1733614118.708294288
2547,1733614119.515441617
2548,1733614120.317826963
2549,1733614121.112644145
2550,1733614124.524279427
2551,1733614125.121441542
2552,1733614125.323960964
2553,1733614125.522013914
2554,1733614125.722015072
2555,1733614126.122456255
2556,1733614126.322514389
2557,1733614126.539280819
2558,1733614126.924345052
2559,1733614127.142564672
2560,1733614127.325918638
2561,1733614127.526270755
2562,1733614127.927605826
2563,1733614128.333118019
2564,1733614130.142131644
2565,1733614133.548565686
2566,1733614133.747145359
2567,1733614133.748717477
2568,1733614133.953270612
2569,1733614133.963173593
2570,1733614134.148353765
2571,1733614134.351839054
2572,1733614134.551462065
2573,1733614134.950983819
2574,1733614135.153160266
2575,1733614135.351303507
2576,1733614135.555179725
2577,1733614135.753845538
2578,1733614135.953036252
2579,1733614136.153195365
2580,1733614136.353277515
2581,1733614136.553278112
2582,1733614136.753250912
2583,1733614136.953619463
2584,1733614137.154096240
2585,1733614137.354189851
2586,1733614137.554180175
2587,1733614137.757041960
2588,1733614137.957493383
2589,1733614138.381138795
2590,1733614138.781914717
2591,1733614139.570482316
2592,1733614139.769096663
2593,1733614139.995826056
2594,1733614140.167542391
2595,1733614143.375455781
2596,1733614143.578098057
2597,1733614143.579321554
2598,1733614143.776506715
2599,1733614143.976606714
2600,1733614144.176993493
2601,1733614144.377026333
2602,1733614144.576997061
2603,1733614144.778620658
2604,1733614144.978427962
2605,1733614145.178509820
2606,1733614145.379739391
2607,1733614145.579614422
2608,1733614145.783238010
2609,1733614145.983010103
2610,1733614146.183240601
2611,1733614146.385033102
2612,1733614146.585861547
2613,1733614146.987391368
2614,1733614147.188130544
2615,1733614147.389236617
2616,1733614147.590699830
2617,1733614147.790806937
2618,1733614147.992894191
2619,1733614148.193385976
2620,1733614148.594499946
2621,1733614148.792621164
2622,1733614148.995216452
2623,1733614149.194355820
2624,1733614149.413781857
2625,1733614149.999526609
2626,1733614150.205289029
2627,1733614151.017038364
2628,1733614151.206716009
2629,1733614151.434386546
2630,1733614151.818091067
2631,1733614152.012955818
2632,1733614155.215105374
2633,1733614155.415113583
2634,1733614155.615110716
2635,1733614155.815109066
2636,1733614156.014455453
2637,1733614156.214528037
2638,1733614156.414531085
2639,1733614156.614542546
2640,1733614156.814549607
2641,1733614157.013546819
2642,1733614157.213548878
2643,1733614157.413540638
2644,1733614157.614440989
2645,1733614157.814515266
2646,1733614158.014951974
2647,1733614158.214363714
2648,1733614158.414493063
2649,1733614158.615688921
2650,1733614159.015131587
2651,1733614159.216408868
2652,1733614159.416863930
2653,1733614159.616212437
2654,1733614159.818044211
2655,1733614160.018392171
2656,1733614160.828818432
2657,1733614161.028643989
2658,1733614161.237290504
2659,1733614161.424082715
2660,1733614162.037572940
2661,1733614162.226135018
2662,1733614162.636931932
2663,1733614163.032542058
2664,1733614163.856649215
2665,1733614164.034477904
2666,1733614164.838372136
2667,1733614165.035696910
2668,1733614166.841101438
2669,1733614167.040990022
2670,1733614167.244421547
2671,1733614167.642477753
2672,1733614167.842537065
2673,1733614168.041525488
2674,1733614168.241525573
2675,1733614168.441718408
2676,1733614168.641522499
2677,1733614169.444079421
2678,1733614169.848824185
2679,1733614170.046820770
2680,1733614170.246866721
2681,1733614170.448310542
2682,1733614170.647751459
2683,1733614170.852549522
2684,1733614171.251255486
2685,1733614171.651021866
2686,1733614172.052195452
2687,1733614172.453312016
2688,1733614172.654070669
2689,1733614172.864858397
2690,1733614173.068411243
2691,1733614173.462969190
2692,1733614173.657782319
2693,1733614175.267877865
2694,1733614176.075602389
2695,1733614177.279648261
2696,1733614177.480043910
2697,1733614177.679430783
2698,1733614177.875111150
2699,1733614178.073185610
2700,1733614178.276063676
2701,1733614178.477181243
2702,1733614178.677077383
2703,1733614179.076674822
2704,1733614179.078141005
2705,1733614179.287147462
2706,1733614179.479428299
2707,1733614179.681158903
2708,1733614179.882897685
2709,1733614180.281450696
2710,1733614180.481537315
2711,1733614180.682308518
2712,1733614180.883247714
2713,1733614181.083325231
2714,1733614181.282913940
2715,1733614181.283464623
2716,1733614181.483457822
2717,1733614181.684556717
2718,1733614182.487277629
2719,1733614182.687906736
2720,1733614183.089355197
2721,1733614183.495335285
2722,1733614185.504874510
2723,1733614187.319091252
2724,1733614187.515347734
2725,1733614187.707436114
2726,1733614187.913247840
2727,1733614188.317955783
2728,1733614188.728610794
2729,1733614188.729376183
2730,1733614188.913028641
2731,1733614189.115041147
2732,1733614189.313146804
2733,1733614189.514539868
2734,1733614189.713463110
2735,1733614189.913464611
2736,1733614190.113006780
2737,1733614190.313029806
2738,1733614190.512924203
2739,1733614190.712970509
2740,1733614190.912972267
2741,1733614191.113116615
2742,1733614191.316207102
2743,1733614191.514840725
2744,1733614191.715131414
2745,1733614192.316988602
2746,1733614192.517138472
2747,1733614192.719073643
2748,1733614192.920245598
2749,1733614193.124808776
2750,1733614193.522979633
2751,1733614193.727402951
2752,1733614194.163834066
2753,1733614197.538486921
2754,1733614197.738254082
2755,1733614197.943289663
2756,1733614198.152349809
2757,1733614198.152725964
2758,1733614198.343549643
2759,1733614198.540003604
2760,1733614198.740116372
2761,1733614199.342593046
2762,1733614199.542658276
2763,1733614199.742674839
2764,1733614199.947717301
2765,1733614200.143849463
2766,1733614200.343710264
2767,1733614200.547916351
2768,1733614200.745447812
2769,1733614200.945525273
2770,1733614201.144990714
2771,1733614201.344997703
2772,1733614201.550132705
2773,1733614201.747150088
2774,1733614201.947238436
2775,1733614202.146223225
2776,1733614202.348579914
2777,1733614202.546668362
2778,1733614202.747099689
2779,1733614202.950062726
2780,1733614203.148805330
2781,1733614203.348891272
2782,1733614203.549865894
2783,1733614203.954099401
2784,1733614204.353101736
2785,1733614204.553106966
2786,1733614204.961066921
2787,1733614208.570877905
2788,1733614208.767960899
2789,1733614208.970670701
2790,1733614209.169449667
2791,1733614209.370546038
2792,1733614209.570623952
2793,1733614209.770633708
2794,1733614209.970623114
2795,1733614210.170017854
2796,1733614210.570539506
2797,1733614210.771548426
2798,1733614210.971702706
2799,1733614211.188934916
2800,1733614211.373327836
2801,1733614211.571870011
2802,1733614211.772827750
2803,1733614211.773680024
2804,1733614211.973431730
2805,1733614212.578107680
2806,1733614212.776935521
2807,1733614212.976770198
2808,1733614213.197041147
2809,1733614213.784284487
2810,1733614214.590999116
2811,1733614216.202788993
2812,1733614217.194975114
2813,1733614217.394808349
2814,1733614217.794337149
2815,1733614217.996125737
2816,1733614218.199989005
2817,1733614218.396186263
2818,1733614218.798314183
2819,1733614218.998797643
2820,1733614219.199067066
2821,1733614219.399921339
2822,1733614219.601199768
2823,1733614219.801254229
2824,1733614220.000989401
2825,1733614220.201006118
2826,1733614220.401015374
2827,1733614220.609505982
2828,1733614220.801604255
2829,1733614221.001209498
2830,1733614221.201263588
2831,1733614221.401281818
2832,1733614221.401571287
2833,1733614221.413899438
2834,1733614221.612159872
2835,1733614221.802420604
2836,1733614222.003885095
2837,1733614222.415705087
2838,1733614222.617957887
2839,1733614222.820541213
2840,1733614223.008248004
2841,1733614223.221539716
2842,1733614223.426778145
2843,1733614223.819454418
2844,1733614224.014278865
2845,1733614224.211986800
2846,1733614224.421264456
2847,1733614224.639158472
2848,1733614224.639556747
2849,1733614224.818993014
2850,1733614225.019076595
2851,1733614225.223915993
2852,1733614225.226265652
2853,1733614225.423651261
2854,1733614225.620418090
2855,1733614225.824767389
2856,1733614226.027114457
2857,1733614226.824351033
2858,1733614229.434719866
2859,1733614229.633860836
2860,1733614229.834085308
2861,1733614230.034524027
2862,1733614230.250006523
2863,1733614230.443506884
2864,1733614230.644512568
2865,1733614230.840080165
2866,1733614231.046778905
2867,1733614231.439241740
2868,1733614231.641696625
2869,1733614231.846704813
2870,1733614232.045117949
2871,1733614232.248325151
2872,1733614232.447019112
2873,1733614232.647311589
2874,1733614232.847110828
2875,1733614233.072200005
2876,1733614233.255445919
2877,1733614233.652227125
2878,1733614233.856635571
2879,1733614234.058436022
2880,1733614234.058783134
2881,1733614234.255195017
2882,1733614234.451211035
2883,1733614234.656464117
2884,1733614234.852557587
2885,1733614235.053021237
2886,1733614235.253147764
2887,1733614235.453024739
2888,1733614235.653017957
2889,1733614235.853019467
2890,1733614236.453882144
2891,1733614237.055947882
2892,1733614237.258913744
2893,1733614237.461104070
2894,1733614237.860283802
2895,1733614238.260284812
2896,1733614238.463857637
2897,1733614238.666320443
2898,1733614242.073356160
2899,1733614242.273425087
2900,1733614242.476788416
2901,1733614242.477727741
2902,1733614242.674930953
2903,1733614242.875039303
2904,1733614243.098142555
2905,1733614243.291547010
2906,1733614243.494893267
2907,1733614243.681241529
2908,1733614243.881231829
2909,1733614244.084434271
2910,1733614244.481571255
2911,1733614244.689675566
2912,1733614244.888456845
2913,1733614245.088455140
2914,1733614245.285227031
2915,1733614245.490109202
2916,1733614245.891265489
2917,1733614246.491511225
2918,1733614246.690904738
2919,1733614247.089340058
2920,1733614247.289331191
2921,1733614247.693099257
2922,1733614248.090884614
2923,1733614248.496984514
2924,1733614248.692769088
2925,1733614249.696414347
2926,1733614252.303897994
2927,1733614252.503982764
2928,1733614252.504691451
2929,1733614252.703972484
2930,1733614252.903967452
2931,1733614253.102990359
2932,1733614253.314511447
2933,1733614253.529603684
2934,1733614253.730030213
2935,1733614253.907696302
2936,1733614254.118208259
2937,1733614254.319881791
2938,1733614254.711091642
2939,1733614254.916346164
2940,1733614255.113854906
2941,1733614255.315039458
2942,1733614255.514793129
2943,1733614255.718640866
2944,1733614255.912978911
2945,1733614256.139247379
2946,1733614256.320784089
2947,1733614256.524185106
2948,1733614256.715634541
2949,1733614256.921835641
2950,1733614257.326190042
2951,1733614257.520949908
2952,1733614258.127227443
2953,1733614258.328258385
2954,1733614258.525517145
2955,1733614258.729486334
2956,1733614259.126146018
2957,1733614262.341988591
2958,1733614262.538353315
2959,1733614262.739026720
2960,1733614262.946417638
2961,1733614263.139945142
2962,1733614263.155387764
2963,1733614263.344648451
2964,1733614263.557619565
2965,1733614263.959708923
2966,1733614264.146443222
2967,1733614264.350069322
2968,1733614264.550461823
2969,1733614264.953727298
2970,1733614265.152944263
2971,1733614265.354963744
2972,1733614265.557882559
2973,1733614265.558496413
2974,1733614265.960217966
2975,1733614266.557381213
2976,1733614266.962142466
2977,1733614267.162452482
2978,1733614267.360656029
2979,1733614267.764723113
2980,1733614271.191859108
2981,1733614271.369402199
2982,1733614271.772331451
2983,1733614271.972554046
2984,1733614272.172267498
2985,1733614272.384485460
2986,1733614272.588314963
2987,1733614272.793935663
2988,1733614272.976487995
2989,1733614273.189529098
2990,1733614273.403168474
2991,1733614273.590024534
2992,1733614273.781386217
2993,1733614273.985327730
2994,1733614274.187524757
2995,1733614274.404279852
2996,1733614274.583319908
2997,1733614274.789374325
2998,1733614274.987676781
2999,1733614275.188375200
3000,1733614275.384706743
3001,1733614275.591605091
3002,1733614275.794623549
3003,1733614276.003832288
3004,1733614276.203432679
3005,1733614276.406664918
3006,1733614276.594909590
3007,1733614276.798663483
3008,1733614277.395290786
3009,1733614277.592651416
3010,1733614278.195582078
3011,1733614278.395133295
3012,1733614281.809483846
3013,1733614282.015855169
3014,1733614282.215540883
3015,1733614282.420855715
3016,1733614282.611310606
3017,1733614283.015807964
3018,1733614283.225257385
3019,1733614283.691708759
3020,1733614283.818631487
3021,1733614284.016517160
3022,1733614284.418482587
3023,1733614284.819195719
3024,1733614285.020958622
3025,1733614285.428115535
3026,1733614285.622985810
3027,1733614285.826816425
3028,1733614286.029673043
3029,1733614286.242318374
3030,1733614286.428248756
3031,1733614286.627017851
3032,1733614286.828305602
3033,1733614287.026623625
3034,1733614287.227014648
3035,1733614287.628676066
3036,1733614288.029178382
3037,1733614288.229543520
3038,1733614288.430260397
3039,1733614288.630357214
3040,1733614288.830458523
3041,1733614289.029600706
3042,1733614289.229730800
3043,1733614289.430705182
3044,1733614289.632222458
3045,1733614289.831340935
3046,1733614290.030346544
3047,1733614291.033078007
3048,1733614291.233351799
3049,1733614291.433519110
3050,1733614291.633886063
3051,1733614291.835065778
3052,1733614292.035136040
3053,1733614292.236585211
3054,1733614292.435957805
3055,1733614292.636103695
3056,1733614292.837448581
3057,1733614293.041035136
3058,1733614293.440999533
3059,1733614293.655222396
3060,1733614293.857176755
3061,1733614295.456269642
3062,1733614295.658499444
3063,1733614296.096367117
3064,1733614296.257478794
3065,1733614296.460430283
3066,1733614296.657668416
3067,1733614297.064608864
3068,1733614297.274560038
3069,1733614297.670779833
3070,1733614297.866871466
3071,1733614298.065532075
3072,1733614298.266518830
3073,1733614298.463667722
3074,1733614298.663674241
3075,1733614299.466271939
3076,1733614299.666566405
3077,1733614300.067234861
3078,1733614300.267217526
3079,1733614300.468085351
3080,1733614300.672139439
3081,1733614300.869227716
3082,1733614301.072228068
3083,1733614301.270213318
3084,1733614301.670712330
3085,1733614301.873395850
3086,1733614302.073466433
3087,1733614302.272590615
3088,1733614302.475935507
3089,1733614302.674089819
3090,1733614302.674346081
3091,1733614302.675100003
3092,1733614302.874115581
3093,1733614303.073730967
3094,1733614303.273867131
3095,1733614303.473855474
3096,1733614303.673866538
3097,1733614303.874145133
3098,1733614303.874490902
3099,1733614304.083654657
3100,1733614304.286843981
3101,1733614304.475874334
3102,1733614304.675887122
3103,1733614304.875889106
3104,1733614305.075583038
3105,1733614305.088160192
3106,1733614305.088870258
3107,1733614305.284071117
3108,1733614305.478812626
3109,1733614305.690074977
3110,1733614305.895031644
3111,1733614306.102784024
3112,1733614306.282993059
3113,1733614306.690088059
3114,1733614308.494613543
3115,1733614308.694657576
3116,1733614308.898038713
3117,1733614309.097245776
3118,1733614309.305417432
3119,1733614309.698167835
3120,1733614309.897311685
3121,1733614310.098207491
3122,1733614310.098783722
3123,1733614310.298202960
3124,1733614310.506399866
3125,1733614310.699428736
3126,1733614310.899428015
3127,1733614311.098423202
3128,1733614311.298597714
3129,1733614311.499046962
3130,1733614312.100309224
3131,1733614312.311292134
3132,1733614312.501394802
3133,1733614312.701539886
3134,1733614312.902344139
3135,1733614313.912445482
3136,1733614314.105453216
3137,1733614314.306897494
3138,1733614314.506033356
3139,1733614314.706558580
3140,1733614314.906892958
3141,1733614315.110690799
3142,1733614315.307798841
3143,1733614315.308790387
3144,1733614315.507801165
3145,1733614315.707783319
3146,1733614315.907769069
3147,1733614316.308401121
3148,1733614316.521994331
3149,1733614316.717106220
3150,1733614316.926214834
3151,1733614317.117922952
3152,1733614317.313842919
3153,1733614317.520405603
3154,1733614317.727814359
3155,1733614317.921049682
3156,1733614318.119638470
3157,1733614318.319498926
3158,1733614318.523294923
3159,1733614318.724684328
3160,1733614318.921959493
3161,1733614319.126840881
3162,1733614319.928292078
3163,1733614320.139338407
3164,1733614320.326106285
3165,1733614320.527879868
3166,1733614320.528643628
3167,1733614320.732466849
3168,1733614320.933673036
3169,1733614321.332418446
3170,1733614321.530288435
3171,1733614321.728376811
3172,1733614321.929008541
3173,1733614322.129013030
3174,1733614322.329025321
3175,1733614322.532210971
3176,1733614322.729311995
3177,1733614322.931977484
3178,1733614323.130078867
3179,1733614323.330084435
3180,1733614323.530083036
3181,1733614323.730089896
3182,1733614323.931101654
3183,1733614324.935542554
3184,1733614325.136186362
3185,1733614325.336686146
3186,1733614325.536722213
3187,1733614325.737018037
3188,1733614325.937432379
3189,1733614326.137741187
3190,1733614326.337563863
3191,1733614326.538935316
3192,1733614326.738798679
3193,1733614326.939236715
3194,1733614327.141297434
3195,1733614327.340683532
3196,1733614327.550344136
3197,1733614327.747362725
3198,1733614327.951677475
3199,1733614328.145718292
3200,1733614328.353302557
3201,1733614328.560004100
3202,1733614328.755099460
3203,1733614328.946224937
3204,1733614329.150669221
3205,1733614329.352786654
3206,1733614329.756188710
3207,1733614329.965788519
3208,1733614330.156170246
3209,1733614330.351933381
3210,1733614330.554474136
3211,1733614330.755766512
3212,1733614330.956404767
3213,1733614331.171011756
3214,1733614331.356079409
3215,1733614331.562152218
3216,1733614331.761271573
3217,1733614331.958194256
3218,1733614333.763371882
3219,1733614333.963335833
3220,1733614334.162382750
3221,1733614334.362381662
3222,1733614334.562378849
3223,1733614334.762386096
3224,1733614334.962722730
3225,1733614335.363627169
3226,1733614335.563626096
3227,1733614335.565725096
3228,1733614335.763625618
3229,1733614335.963620471
3230,1733614336.164668032
3231,1733614336.386653143
3232,1733614336.765602607
3233,1733614336.970566260
3234,1733614337.166661792
3235,1733614337.366707662
3236,1733614337.566651212
3237,1733614337.766648314
3238,1733614337.968236054
3239,1733614338.167892029
3240,1733614338.373544605
3241,1733614338.568624867
3242,1733614338.769084479
3243,1733614338.769111040
3244,1733614338.971122747
3245,1733614339.182138970
3246,1733614339.385930096
3247,1733614339.586973948
3248,1733614339.773877858
3249,1733614339.974312741
3250,1733614340.183554869
3251,1733614340.384683937
3252,1733614340.583220075
3253,1733614340.781084390
3254,1733614340.981126721
3255,1733614341.184280003
3256,1733614341.387508348
3257,1733614341.584329998
3258,1733614341.790634873
3259,1733614341.791933214
3260,1733614341.986053329
3261,1733614342.187947782
3262,1733614342.387744712
3263,1733614342.992342801
3264,1733614343.995363311
3265,1733614344.193043029
3266,1733614344.400363919
3267,1733614344.591452694
3268,1733614344.791457543
3269,1733614344.991895078
3270,1733614345.192909477
3271,1733614345.395695039
3272,1733614345.794812955
3273,1733614346.596406425
3274,1733614346.798338350
3275,1733614346.997339582
3276,1733614346.998064627
3277,1733614347.801481474
3278,1733614348.805806532
3279,1733614349.007994932
3280,1733614349.211446326
3281,1733614349.405886663
3282,1733614349.605948069
3283,1733614349.829814461
3284,1733614350.015769609
3285,1733614350.411578093
3286,1733614350.619263187
3287,1733614350.826196444
3288,1733614351.033177750
3289,1733614351.214974971
3290,1733614351.419081450
3291,1733614351.420174000
3292,1733614351.689601412
3293,1733614351.821536067
3294,1733614352.018296925
3295,1733614352.220085929
3296,1733614352.434508481
3297,1733614352.620240972
3298,1733614352.820920958
3299,1733614353.034644546
3300,1733614353.226553934
3301,1733614353.424992305
3302,1733614353.624499055
3303,1733614354.028607764
3304,1733614354.433410091
3305,1733614354.624501679
3306,1733614355.026620306
3307,1733614355.226714823
3308,1733614355.428982773
3309,1733614355.627017912
3310,1733614355.829073302
3311,1733614356.033124157
3312,1733614356.230507275
3313,1733614356.429628389
3314,1733614356.631603537
3315,1733614356.834156460
3316,1733614356.836135073
3317,1733614357.031583760
3318,1733614357.231708398
3319,1733614357.431660662
3320,1733614357.631824867
3321,1733614357.831673507
3322,1733614358.030679469
3323,1733614358.230689817
3324,1733614358.430685679
3325,1733614358.839242224
3326,1733614359.033223455
3327,1733614359.433794948
3328,1733614359.634623545
3329,1733614359.835038944
3330,1733614360.038914997
3331,1733614360.238654710
3332,1733614360.437559453
3333,1733614360.652649183
3334,1733614360.847236464
3335,1733614361.056324039
3336,1733614361.243068482
3337,1733614361.455126618
3338,1733614364.060394791
3339,1733614364.289990896
3340,1733614364.456707517
3341,1733614365.061861593
3342,1733614365.658345807
3343,1733614366.459788069
3344,1733614366.659775018
3345,1733614366.859832119
3346,1733614367.059673078
3347,1733614367.259801232
3348,1733614367.459778379
3349,1733614368.061366323
3350,1733614368.063652135
3351,1733614368.065222249
3352,1733614368.462102894
3353,1733614368.863238608
3354,1733614369.063333107
3355,1733614369.263383026
3356,1733614369.463329503
3357,1733614369.663318501
3358,1733614369.863679876
3359,1733614370.063808512
3360,1733614370.266571226
3361,1733614370.466677632
3362,1733614371.071728538
3363,1733614371.268401272
3364,1733614371.690368215
3365,1733614372.072797561
3366,1733614372.281601760
3367,1733614372.491224199
3368,1733614372.874602235
3369,1733614373.687368439
3370,1733614375.490159521
3371,1733614376.090051184
3372,1733614376.290066074
3373,1733614376.688987440
3374,1733614376.889080079
3375,1733614377.089311182
3376,1733614377.289987019
3377,1733614377.490097008
3378,1733614377.691257975
3379,1733614377.891293500
3380,1733614378.090300287
3381,1733614379.092988295
3382,1733614379.293113826
3383,1733614379.493535592
3384,1733614380.296545750
3385,1733614380.496360039
3386,1733614380.696775900
3387,1733614380.901770613
3388,1733614381.098250652
3389,1733614381.298647149
3390,1733614381.498775283
3391,1733614381.698727398
3392,1733614381.898715124
3393,1733614382.098456897
3394,1733614382.299027668
3395,1733614382.713929350
3396,1733614382.916320014
3397,1733614383.124207591
3398,1733614383.510927257
3399,1733614383.919594513
3400,1733614384.108353739
3401,1733614384.308982962
3402,1733614384.526745995
3403,1733614384.716627002
3404,1733614384.909118058
3405,1733614385.120481798
3406,1733614385.318577125
3407,1733614387.124357059
3408,1733614387.318278387
3409,1733614387.718767407
3410,1733614387.919375837
3411,1733614388.122602483
3412,1733614388.330743240
3413,1733614388.521840241
3414,1733614388.722185740
3415,1733614388.922268609
3416,1733614389.323598252
3417,1733614389.524995727
3418,1733614389.723135211
3419,1733614389.924486635
3420,1733614390.324437143
3421,1733614390.730224000
3422,1733614390.937719064
3423,1733614391.128917044
3424,1733614392.348146133
3425,1733614392.549255795
3426,1733614392.747935344
3427,1733614392.935716314
3428,1733614393.141447066
3429,1733614393.353701624
3430,1733614393.538516162
3431,1733614393.739802168
3432,1733614393.942582168
3433,1733614394.142625056
3434,1733614394.343016209
3435,1733614394.542049069
3436,1733614394.757727610
3437,1733614394.948565892
3438,1733614395.150308887
3439,1733614395.345066421
3440,1733614395.548494738
3441,1733614395.750908659
3442,1733614395.947149558
3443,1733614396.148839908
3444,1733614396.346401452
3445,1733614396.546496518
3446,1733614396.746496231
3447,1733614396.946510960
3448,1733614397.145505283
3449,1733614397.147537830
3450,1733614397.345501947
3451,1733614397.545501716
3452,1733614397.748685499
3453,1733614397.948232832
3454,1733614398.147509249
3455,1733614398.548354397
3456,1733614398.748999508
3457,1733614398.949239501
3458,1733614399.350292820
3459,1733614399.550279337
3460,1733614399.750283266
3461,1733614399.951741742
3462,1733614400.151579717
3463,1733614400.354216069
3464,1733614400.752730991
3465,1733614400.953666670
3466,1733614401.362641215
3467,1733614401.566544255
3468,1733614402.372195914
3469,1733614404.168371834
3470,1733614404.373736500
3471,1733614404.577287911
3472,1733614404.788689771
3473,1733614404.969619668
3474,1733614405.194765820
3475,1733614405.378356565
3476,1733614405.775122606
3477,1733614405.973207976
3478,1733614406.173360077
3479,1733614406.373470577
3480,1733614406.573482860
3481,1733614406.773486658
3482,1733614406.973489563
3483,1733614407.173002056
3484,1733614407.374499139
3485,1733614407.578703959
3486,1733614407.976455537
3487,1733614408.175567138
3488,1733614408.375559200
3489,1733614408.575556628
3490,1733614408.788687251
3491,1733614408.976701288
3492,1733614409.176993403
3493,1733614409.378196157
3494,1733614409.578280360
3495,1733614409.778275950
3496,1733614409.978888429
3497,1733614410.178977109
3498,1733614410.378976261
3499,1733614410.578953098
3500,1733614410.778965436
3501,1733614411.381796132
3502,1733614411.582056336
3503,1733614411.783242363
3504,1733614411.982514041
3505,1733614412.786711203
3506,1733614416.197004953
3507,1733614416.398152824
3508,1733614416.597240779
3509,1733614416.797307467
3510,1733614417.001592328
3511,1733614417.196680168
3512,1733614417.396983987
3513,1733614417.596972755
3514,1733614417.796997138
3515,1733614417.996997116
3516,1733614418.200766772
3517,1733614418.598599448
3518,1733614418.798593294
3519,1733614418.999082454
3520,1733614419.600107396
3521,1733614420.001443119
3522,1733614420.201687065
3523,1733614420.401745831
3524,1733614420.610344831
3525,1733614421.610647493
3526,1733614421.813244379
3527,1733614424.823222005
3528,1733614425.619504291
3529,1733614425.819528093
3530,1733614426.018485815
3531,1733614426.218479031
3532,1733614426.420751964
3533,1733614426.618860322
3534,1733614427.220757360
3535,1733614427.424702677
3536,1733614427.828483559
3537,1733614428.023060547
3538,1733614428.225420855
3539,1733614428.423532619
3540,1733614428.624516655
3541,1733614429.027376734
3542,1733614429.226458130
3543,1733614429.426453800
3544,1733614429.626636361
3545,1733614429.826693042
3546,1733614430.026754182
3547,1733614430.227215313
3548,1733614430.435379709
3549,1733614430.634167043
3550,1733614430.833865430
3551,1733614431.031975718
3552,1733614432.640250371
3553,1733614435.245382997
3554,1733614435.646615179
3555,1733614435.846622786
3556,1733614436.046557255
3557,1733614436.250828499
3558,1733614436.448577075
3559,1733614436.649089670
3560,1733614436.849184891
3561,1733614437.048980653
3562,1733614437.250099753
3563,1733614437.451937258
3564,1733614437.656255051
3565,1733614437.851620174
3566,1733614438.050674209
3567,1733614438.653399532
3568,1733614438.853100383
3569,1733614439.054318057
